null.dsem <- list()
#########################################################
null.dsem[[4]] <- '

# SIMPLY CREATING VARIANCES FOR EACH ITEM! = NULLMODEL
y1t1 ~~ y1t1
y1t2 ~~ y1t2
y1t3 ~~ y1t3
y1t4 ~~ y1t4
#
y2t1 ~~ y2t1
y2t2 ~~ y2t2
y2t3 ~~ y2t3
y2t4 ~~ y2t4
#
y3t1 ~~ y3t1
y3t2 ~~ y3t2
y3t3 ~~ y3t3
y3t4 ~~ y3t4
#
y4t1 ~~ y4t1
y4t2 ~~ y4t2
y4t3 ~~ y4t3
y4t4 ~~ y4t4
#
y5t1 ~~ y5t1
y5t2 ~~ y5t2
y5t3 ~~ y5t3
y5t4 ~~ y5t4
#
y6t1 ~~ y6t1
y6t2 ~~ y6t2
y6t3 ~~ y6t3
y6t4 ~~ y6t4
'

#########################################################
null.dsem[[3]] <- '
y1t1 ~~ y1t1
y1t2 ~~ y1t2
y1t3 ~~ y1t3
#
y2t1 ~~ y2t1
y2t2 ~~ y2t2
y2t3 ~~ y2t3
#
y3t1 ~~ y3t1
y3t2 ~~ y3t2
y3t3 ~~ y3t3
#
y4t1 ~~ y4t1
y4t2 ~~ y4t2
y4t3 ~~ y4t3
#
y5t1 ~~ y5t1
y5t2 ~~ y5t2
y5t3 ~~ y5t3
#
y6t1 ~~ y6t1
y6t2 ~~ y6t2
y6t3 ~~ y6t3
'

#########################################################
null.dsem[[2]] <- '
y1t1 ~~ y1t1
y1t2 ~~ y1t2
#
y2t1 ~~ y2t1
y2t2 ~~ y2t2
#
y3t1 ~~ y3t1
y3t2 ~~ y3t2
#
y4t1 ~~ y4t1
y4t2 ~~ y4t2
#
y5t1 ~~ y5t1
y5t2 ~~ y5t2
#
y6t1 ~~ y6t1
y6t2 ~~ y6t2
'


#########################################################
null.dsem[[1]] <- '
y1t1 ~~ y1t1
#
y2t1 ~~ y2t1
#
y3t1 ~~ y3t1
#
y4t1 ~~ y4t1
#
y5t1 ~~ y5t1
#
y6t1 ~~ y6t1
'
#########################################################
null.dsem[[5]] <- '
y1t1 ~~ y1t1
y1t2 ~~ y1t2
y1t3 ~~ y1t3
y1t4 ~~ y1t4
y1t5 ~~ y1t5
#
y2t1 ~~ y2t1
y2t2 ~~ y2t2
y2t3 ~~ y2t3
y2t4 ~~ y2t4
y2t5 ~~ y2t5
#
y3t1 ~~ y3t1
y3t2 ~~ y3t2
y3t3 ~~ y3t3
y3t4 ~~ y3t4
y3t5 ~~ y3t5
#
y4t1 ~~ y4t1
y4t2 ~~ y4t2
y4t3 ~~ y4t3
y4t4 ~~ y4t4
y4t5 ~~ y4t5
#
y5t1 ~~ y5t1
y5t2 ~~ y5t2
y5t3 ~~ y5t3
y5t4 ~~ y5t4
y5t5 ~~ y5t5
#
y6t1 ~~ y6t1
y6t2 ~~ y6t2
y6t3 ~~ y6t3
y6t4 ~~ y6t4
y6t5 ~~ y6t5
'

#########################################################
null.dsem[[10]] <- '
y1t1 ~~ y1t1
y1t2 ~~ y1t2
y1t3 ~~ y1t3
y1t4 ~~ y1t4
y1t5 ~~ y1t5
y1t6 ~~ y1t6
y1t7 ~~ y1t7
y1t8 ~~ y1t8
y1t9 ~~ y1t9
y1t10 ~~ y1t10
#
y2t1 ~~ y2t1
y2t2 ~~ y2t2
y2t3 ~~ y2t3
y2t4 ~~ y2t4
y2t5 ~~ y2t5
y2t6 ~~ y2t6
y2t7 ~~ y2t7
y2t8 ~~ y2t8
y2t9 ~~ y2t9
y2t10 ~~ y2t10
#
y3t1 ~~ y3t1
y3t2 ~~ y3t2
y3t3 ~~ y3t3
y3t4 ~~ y3t4
y3t5 ~~ y3t5
y3t6 ~~ y3t6
y3t7 ~~ y3t7
y3t8 ~~ y3t8
y3t9 ~~ y3t9
y3t10 ~~ y3t10
#
y4t1 ~~ y4t1
y4t2 ~~ y4t2
y4t3 ~~ y4t3
y4t4 ~~ y4t4
y4t5 ~~ y4t5
y4t6 ~~ y4t6
y4t7 ~~ y4t7
y4t8 ~~ y4t8
y4t9 ~~ y4t9
y4t10 ~~ y4t10
#
y5t1 ~~ y5t1
y5t2 ~~ y5t2
y5t3 ~~ y5t3
y5t4 ~~ y5t4
y5t5 ~~ y5t5
y5t6 ~~ y5t6
y5t7 ~~ y5t7
y5t8 ~~ y5t8
y5t9 ~~ y5t9
y5t10 ~~ y5t10
#
y6t1 ~~ y6t1
y6t2 ~~ y6t2
y6t3 ~~ y6t3
y6t4 ~~ y6t4
y6t5 ~~ y6t5
y6t6 ~~ y6t6
y6t7 ~~ y6t7
y6t8 ~~ y6t8
y6t9 ~~ y6t9
y6t10 ~~ y6t10
'

#########################################################
null.dsem[[15]] <- '
y1t1 ~~ y1t1
y1t2 ~~ y1t2
y1t3 ~~ y1t3
y1t4 ~~ y1t4
y1t5 ~~ y1t5
y1t6 ~~ y1t6
y1t7 ~~ y1t7
y1t8 ~~ y1t8
y1t9 ~~ y1t9
y1t10 ~~ y1t10
y1t11 ~~ y1t11
y1t12 ~~ y1t12
y1t13 ~~ y1t13
y1t14 ~~ y1t14
y1t15 ~~ y1t15
#
y2t1 ~~ y2t1
y2t2 ~~ y2t2
y2t3 ~~ y2t3
y2t4 ~~ y2t4
y2t5 ~~ y2t5
y2t6 ~~ y2t6
y2t7 ~~ y2t7
y2t8 ~~ y2t8
y2t9 ~~ y2t9
y2t10 ~~ y2t10
y2t11 ~~ y2t11
y2t12 ~~ y2t12
y2t13 ~~ y2t13
y2t14 ~~ y2t14
y2t15 ~~ y2t15
#
y3t1 ~~ y3t1
y3t2 ~~ y3t2
y3t3 ~~ y3t3
y3t4 ~~ y3t4
y3t5 ~~ y3t5
y3t6 ~~ y3t6
y3t7 ~~ y3t7
y3t8 ~~ y3t8
y3t9 ~~ y3t9
y3t10 ~~ y3t10
y3t11 ~~ y3t11
y3t12 ~~ y3t12
y3t13 ~~ y3t13
y3t14 ~~ y3t14
y3t15 ~~ y3t15
#
y4t1 ~~ y4t1
y4t2 ~~ y4t2
y4t3 ~~ y4t3
y4t4 ~~ y4t4
y4t5 ~~ y4t5
y4t6 ~~ y4t6
y4t7 ~~ y4t7
y4t8 ~~ y4t8
y4t9 ~~ y4t9
y4t10 ~~ y4t10
y4t11 ~~ y4t11
y4t12 ~~ y4t12
y4t13 ~~ y4t13
y4t14 ~~ y4t14
y4t15 ~~ y4t15
#
y5t1 ~~ y5t1
y5t2 ~~ y5t2
y5t3 ~~ y5t3
y5t4 ~~ y5t4
y5t5 ~~ y5t5
y5t6 ~~ y5t6
y5t7 ~~ y5t7
y5t8 ~~ y5t8
y5t9 ~~ y5t9
y5t10 ~~ y5t10
y5t11 ~~ y5t11
y5t12 ~~ y5t12
y5t13 ~~ y5t13
y5t14 ~~ y5t14
y5t15 ~~ y5t15
#
y6t1 ~~ y6t1
y6t2 ~~ y6t2
y6t3 ~~ y6t3
y6t4 ~~ y6t4
y6t5 ~~ y6t5
y6t6 ~~ y6t6
y6t7 ~~ y6t7
y6t8 ~~ y6t8
y6t9 ~~ y6t9
y6t10 ~~ y6t10
y6t11 ~~ y6t11
y6t12 ~~ y6t12
y6t13 ~~ y6t13
y6t14 ~~ y6t14
y6t15 ~~ y6t15
'
