dsem.tt <- list()
#########################################################
dsem.tt[[4]] <- '
eta1t1 =~ ly1*y1t1 + ly2*y2t1 + ly3*y3t1+l7*y4t1
eta2t1 =~ ly4*y4t1 + ly5*y5t1 + ly6*y6t1
#
eta1t2 =~ ly1*y1t2 + ly2*y2t2 + ly3*y3t2+l7*y4t2
eta2t2 =~ ly4*y4t2 + ly5*y5t2 + ly6*y6t2
#
eta1t3 =~ ly1*y1t3 + ly2*y2t3 + ly3*y3t3+l7*y4t3
eta2t3 =~ ly4*y4t3 + ly5*y5t3 + ly6*y6t3
#
eta1t4 =~ ly1*y1t4 + ly2*y2t4 + ly3*y3t4+l7*y4t4
eta2t4 =~ ly4*y4t4 + ly5*y5t4 + ly6*y6t4
#
y1t1 ~~ td1*y1t1
y1t2 ~~ td1*y1t2
y1t3 ~~ td1*y1t3
y1t4 ~~ td1*y1t4
#
y2t1 ~~ td2*y2t1
y2t2 ~~ td2*y2t2
y2t3 ~~ td2*y2t3
y2t4 ~~ td2*y2t4
#
y3t1 ~~ td3*y3t1
y3t2 ~~ td3*y3t2
y3t3 ~~ td3*y3t3
y3t4 ~~ td3*y3t4
#
y4t1 ~~ td4*y4t1
y4t2 ~~ td4*y4t2
y4t3 ~~ td4*y4t3
y4t4 ~~ td4*y4t4
#
y5t1 ~~ td5*y5t1
y5t2 ~~ td5*y5t2
y5t3 ~~ td5*y5t3
y5t4 ~~ td5*y5t4
#
y6t1 ~~ td6*y6t1
y6t2 ~~ td6*y6t2
y6t3 ~~ td6*y6t3
y6t4 ~~ td6*y6t4
# 
eta1t2 ~ beta1*eta1t1
eta1t3 ~ beta1*eta1t2
eta1t4 ~ beta1*eta1t3
# 
eta2t2 ~ beta2*eta2t1
eta2t3 ~ beta2*eta2t2
eta2t4 ~ beta2*eta2t3
# 
eta1t1 ~~ phi21*eta2t1
eta1t2 ~~ phi21*eta2t2
eta1t3 ~~ phi21*eta2t3
eta1t4 ~~ phi21*eta2t4
#
eta1t1 ~~ phi11*eta1t1
eta1t2 ~~ phi11*eta1t2
eta1t3 ~~ phi11*eta1t3
eta1t4 ~~ phi11*eta1t4
#
eta2t1 ~~ phi22*eta2t1
eta2t2 ~~ phi22*eta2t2
eta2t3 ~~ phi22*eta2t3
eta2t4 ~~ phi22*eta2t4
#
u01 =~ lu01*eta1t1+lu01*eta1t2+lu01*eta1t3+lu01*eta1t4
u02 =~ lu02*eta2t1+lu02*eta2t2+lu02*eta2t3+lu02*eta2t4
#
u01 ~~ u02
u01 ~~ u01
u02 ~~ u02
'

#########################################################
dsem.tt[[3]] <- '
eta1t1 =~ ly1*y1t1 + ly2*y2t1 + ly3*y3t1+l7*y4t1
eta2t1 =~ ly4*y4t1 + ly5*y5t1 + ly6*y6t1
#
eta1t2 =~ ly1*y1t2 + ly2*y2t2 + ly3*y3t2+l7*y4t2
eta2t2 =~ ly4*y4t2 + ly5*y5t2 + ly6*y6t2
#
eta1t3 =~ ly1*y1t3 + ly2*y2t3 + ly3*y3t3+l7*y4t3
eta2t3 =~ ly4*y4t3 + ly5*y5t3 + ly6*y6t3
#
y1t1 ~~ td1*y1t1
y1t2 ~~ td1*y1t2
y1t3 ~~ td1*y1t3
#
y2t1 ~~ td2*y2t1
y2t2 ~~ td2*y2t2
y2t3 ~~ td2*y2t3
#
y3t1 ~~ td3*y3t1
y3t2 ~~ td3*y3t2
y3t3 ~~ td3*y3t3
#
y4t1 ~~ td4*y4t1
y4t2 ~~ td4*y4t2
y4t3 ~~ td4*y4t3
#
y5t1 ~~ td5*y5t1
y5t2 ~~ td5*y5t2
y5t3 ~~ td5*y5t3
#
y6t1 ~~ td6*y6t1
y6t2 ~~ td6*y6t2
y6t3 ~~ td6*y6t3
# 
eta1t2 ~ beta1*eta1t1
eta1t3 ~ beta1*eta1t2
# 
eta2t2 ~ beta2*eta2t1
eta2t3 ~ beta2*eta2t2
# 
eta1t1 ~~ phi21*eta2t1
eta1t2 ~~ phi21*eta2t2
eta1t3 ~~ phi21*eta2t3
#
eta1t1 ~~ phi11*eta1t1
eta1t2 ~~ phi11*eta1t2
eta1t3 ~~ phi11*eta1t3
#
eta2t1 ~~ phi22*eta2t1
eta2t2 ~~ phi22*eta2t2
eta2t3 ~~ phi22*eta2t3
#
u01 =~ lu01*eta1t1+lu01*eta1t2+lu01*eta1t3
u02 =~ lu02*eta2t1+lu02*eta2t2+lu02*eta2t3
#
u01 ~~ u02
u01 ~~ u01
u02 ~~ u02
'

#########################################################
dsem.tt[[2]] <- '
eta1t1 =~ ly1*y1t1 + ly2*y2t1 + ly3*y3t1+l7*y4t1
eta2t1 =~ ly4*y4t1 + ly5*y5t1 + ly6*y6t1
#
eta1t2 =~ ly1*y1t2 + ly2*y2t2 + ly3*y3t2+l7*y4t2
eta2t2 =~ ly4*y4t2 + ly5*y5t2 + ly6*y6t2
#
y1t1 ~~ td1*y1t1
y1t2 ~~ td1*y1t2
#
y2t1 ~~ td2*y2t1
y2t2 ~~ td2*y2t2
#
y3t1 ~~ td3*y3t1
y3t2 ~~ td3*y3t2
#
y4t1 ~~ td4*y4t1
y4t2 ~~ td4*y4t2
#
y5t1 ~~ td5*y5t1
y5t2 ~~ td5*y5t2
#
y6t1 ~~ td6*y6t1
y6t2 ~~ td6*y6t2
# 
eta1t2 ~ beta1*eta1t1
# 
eta2t2 ~ beta2*eta2t1
# 
eta1t1 ~~ phi21*eta2t1
eta1t2 ~~ phi21*eta2t2
#
eta1t1 ~~ phi11*eta1t1
eta1t2 ~~ phi11*eta1t2
#
eta2t1 ~~ phi22*eta2t1
eta2t2 ~~ phi22*eta2t2
#
u01 =~ lu01*eta1t1+lu01*eta1t2
u02 =~ lu02*eta2t1+lu02*eta2t2
#
u01 ~~ u02
u01 ~~ u01
u02 ~~ u02
'


#########################################################
dsem.tt[[1]] <- '
eta1t1 =~ ly1*y1t1 + ly2*y2t1 + ly3*y3t1+l7*y4t1
eta2t1 =~ ly4*y4t1 + ly5*y5t1 + ly6*y6t1
#
y1t1 ~~ td1*y1t1
#
y2t1 ~~ td2*y2t1
#
y3t1 ~~ td3*y3t1
#
y4t1 ~~ td4*y4t1
#
y5t1 ~~ td5*y5t1
#
y6t1 ~~ td6*y6t1
# 
eta1t1 ~~ phi21*eta2t1
'
#########################################################
dsem.tt[[5]] <- '
eta1t1 =~ ly1*y1t1 + ly2*y2t1 + ly3*y3t1+l7*y4t1
eta2t1 =~ ly4*y4t1 + ly5*y5t1 + ly6*y6t1
#
eta1t2 =~ ly1*y1t2 + ly2*y2t2 + ly3*y3t2+l7*y4t2
eta2t2 =~ ly4*y4t2 + ly5*y5t2 + ly6*y6t2
#
eta1t3 =~ ly1*y1t3 + ly2*y2t3 + ly3*y3t3+l7*y4t3
eta2t3 =~ ly4*y4t3 + ly5*y5t3 + ly6*y6t3
#
eta1t4 =~ ly1*y1t4 + ly2*y2t4 + ly3*y3t4+l7*y4t4
eta2t4 =~ ly4*y4t4 + ly5*y5t4 + ly6*y6t4
#
eta1t5 =~ ly1*y1t5 + ly2*y2t5 + ly3*y3t5+l7*y4t5
eta2t5 =~ ly4*y4t5 + ly5*y5t5 + ly6*y6t5
#
y1t1 ~~ td1*y1t1
y1t2 ~~ td1*y1t2
y1t3 ~~ td1*y1t3
y1t4 ~~ td1*y1t4
y1t5 ~~ td1*y1t5
#
y2t1 ~~ td2*y2t1
y2t2 ~~ td2*y2t2
y2t3 ~~ td2*y2t3
y2t4 ~~ td2*y2t4
y2t5 ~~ td2*y2t5
#
y3t1 ~~ td3*y3t1
y3t2 ~~ td3*y3t2
y3t3 ~~ td3*y3t3
y3t4 ~~ td3*y3t4
y3t5 ~~ td3*y3t5
#
y4t1 ~~ td4*y4t1
y4t2 ~~ td4*y4t2
y4t3 ~~ td4*y4t3
y4t4 ~~ td4*y4t4
y4t5 ~~ td4*y4t5
#
y5t1 ~~ td5*y5t1
y5t2 ~~ td5*y5t2
y5t3 ~~ td5*y5t3
y5t4 ~~ td5*y5t4
y5t5 ~~ td5*y5t5
#
y6t1 ~~ td6*y6t1
y6t2 ~~ td6*y6t2
y6t3 ~~ td6*y6t3
y6t4 ~~ td6*y6t4
y6t5 ~~ td6*y6t5
# 
eta1t2 ~ beta1*eta1t1
eta1t3 ~ beta1*eta1t2
eta1t4 ~ beta1*eta1t3
eta1t5 ~ beta1*eta1t4
# 
eta2t2 ~ beta2*eta2t1
eta2t3 ~ beta2*eta2t2
eta2t4 ~ beta2*eta2t3
eta2t5 ~ beta2*eta2t4
# 
eta1t1 ~~ phi21*eta2t1
eta1t2 ~~ phi21*eta2t2
eta1t3 ~~ phi21*eta2t3
eta1t4 ~~ phi21*eta2t4
eta1t5 ~~ phi21*eta2t5
#
eta1t1 ~~ phi11*eta1t1
eta1t2 ~~ phi11*eta1t2
eta1t3 ~~ phi11*eta1t3
eta1t4 ~~ phi11*eta1t4
eta1t5 ~~ phi11*eta1t5
#
eta2t1 ~~ phi22*eta2t1
eta2t2 ~~ phi22*eta2t2
eta2t3 ~~ phi22*eta2t3
eta2t4 ~~ phi22*eta2t4
eta2t5 ~~ phi22*eta2t5
#
u01 =~ lu01*eta1t1+lu01*eta1t2+lu01*eta1t3+lu01*eta1t4+lu01*eta1t5
u02 =~ lu02*eta2t1+lu02*eta2t2+lu02*eta2t3+lu02*eta2t4+lu02*eta2t5
#
u01 ~~ u02
u01 ~~ u01
u02 ~~ u02
'

#########################################################
dsem.tt[[10]] <- '
eta1t1 =~ ly1*y1t1 + ly2*y2t1 + ly3*y3t1+l7*y4t1
eta2t1 =~ ly4*y4t1 + ly5*y5t1 + ly6*y6t1
#
eta1t2 =~ ly1*y1t2 + ly2*y2t2 + ly3*y3t2+l7*y4t2
eta2t2 =~ ly4*y4t2 + ly5*y5t2 + ly6*y6t2
#
eta1t3 =~ ly1*y1t3 + ly2*y2t3 + ly3*y3t3+l7*y4t3
eta2t3 =~ ly4*y4t3 + ly5*y5t3 + ly6*y6t3
#
eta1t4 =~ ly1*y1t4 + ly2*y2t4 + ly3*y3t4+l7*y4t4
eta2t4 =~ ly4*y4t4 + ly5*y5t4 + ly6*y6t4
#
eta1t5 =~ ly1*y1t5 + ly2*y2t5 + ly3*y3t5+l7*y4t5
eta2t5 =~ ly4*y4t5 + ly5*y5t5 + ly6*y6t5
#
eta1t6 =~ ly1*y1t6 + ly2*y2t6 + ly3*y3t6+l7*y4t6
eta2t6 =~ ly4*y4t6 + ly5*y5t6 + ly6*y6t6
#
eta1t7 =~ ly1*y1t7 + ly2*y2t7 + ly3*y3t7+l7*y4t7
eta2t7 =~ ly4*y4t7 + ly5*y5t7 + ly6*y6t7
#
eta1t8 =~ ly1*y1t8 + ly2*y2t8 + ly3*y3t8+l7*y4t8
eta2t8 =~ ly4*y4t8 + ly5*y5t8 + ly6*y6t8
#
eta1t9 =~ ly1*y1t9 + ly2*y2t9 + ly3*y3t9+l7*y4t9
eta2t9 =~ ly4*y4t9 + ly5*y5t9 + ly6*y6t9
#
eta1t10 =~ ly1*y1t10 + ly2*y2t10 + ly3*y3t10+l7*y4t10
eta2t10 =~ ly4*y4t10 + ly5*y5t10 + ly6*y6t10
#
y1t1 ~~ td1*y1t1
y1t2 ~~ td1*y1t2
y1t3 ~~ td1*y1t3
y1t4 ~~ td1*y1t4
y1t5 ~~ td1*y1t5
y1t6 ~~ td1*y1t6
y1t7 ~~ td1*y1t7
y1t8 ~~ td1*y1t8
y1t9 ~~ td1*y1t9
y1t10 ~~ td1*y1t10
#
y2t1 ~~ td2*y2t1
y2t2 ~~ td2*y2t2
y2t3 ~~ td2*y2t3
y2t4 ~~ td2*y2t4
y2t5 ~~ td2*y2t5
y2t6 ~~ td2*y2t6
y2t7 ~~ td2*y2t7
y2t8 ~~ td2*y2t8
y2t9 ~~ td2*y2t9
y2t10 ~~ td2*y2t10
#
y3t1 ~~ td3*y3t1
y3t2 ~~ td3*y3t2
y3t3 ~~ td3*y3t3
y3t4 ~~ td3*y3t4
y3t5 ~~ td3*y3t5
y3t6 ~~ td3*y3t6
y3t7 ~~ td3*y3t7
y3t8 ~~ td3*y3t8
y3t9 ~~ td3*y3t9
y3t10 ~~ td3*y3t10
#
y4t1 ~~ td4*y4t1
y4t2 ~~ td4*y4t2
y4t3 ~~ td4*y4t3
y4t4 ~~ td4*y4t4
y4t5 ~~ td4*y4t5
y4t6 ~~ td4*y4t6
y4t7 ~~ td4*y4t7
y4t8 ~~ td4*y4t8
y4t9 ~~ td4*y4t9
y4t10 ~~ td4*y4t10
#
y5t1 ~~ td5*y5t1
y5t2 ~~ td5*y5t2
y5t3 ~~ td5*y5t3
y5t4 ~~ td5*y5t4
y5t5 ~~ td5*y5t5
y5t6 ~~ td5*y5t6
y5t7 ~~ td5*y5t7
y5t8 ~~ td5*y5t8
y5t9 ~~ td5*y5t9
y5t10 ~~ td5*y5t10
#
y6t1 ~~ td6*y6t1
y6t2 ~~ td6*y6t2
y6t3 ~~ td6*y6t3
y6t4 ~~ td6*y6t4
y6t5 ~~ td6*y6t5
y6t6 ~~ td6*y6t6
y6t7 ~~ td6*y6t7
y6t8 ~~ td6*y6t8
y6t9 ~~ td6*y6t9
y6t10 ~~ td6*y6t10
# 
eta1t2 ~ beta1*eta1t1
eta1t3 ~ beta1*eta1t2
eta1t4 ~ beta1*eta1t3
eta1t5 ~ beta1*eta1t4
eta1t6 ~ beta1*eta1t5
eta1t7 ~ beta1*eta1t6
eta1t8 ~ beta1*eta1t7
eta1t9 ~ beta1*eta1t8
eta1t10 ~ beta1*eta1t9
# 
eta2t2 ~ beta2*eta2t1
eta2t3 ~ beta2*eta2t2
eta2t4 ~ beta2*eta2t3
eta2t5 ~ beta2*eta2t4
eta2t6 ~ beta2*eta2t5
eta2t7 ~ beta2*eta2t6
eta2t8 ~ beta2*eta2t7
eta2t9 ~ beta2*eta2t8
eta2t10 ~ beta2*eta2t9
# 
eta1t1 ~~ phi21*eta2t1
eta1t2 ~~ phi21*eta2t2
eta1t3 ~~ phi21*eta2t3
eta1t4 ~~ phi21*eta2t4
eta1t5 ~~ phi21*eta2t5
eta1t6 ~~ phi21*eta2t6
